left:
  height: 0.05
  qw: 0.9257125804768094
  qx: 0.24769803638597096
  qy: 0.009543270314737623
  qz: 0.2856760877448459
  y_offset: 0.05
  z_offset: 0.0
right:
  height: 0.05
  qw: 0.27448300174944473
  qx: -0.022486749231630302
  qy: -0.2915613575346299
  qz: 0.9160487992744555
  y_offset: 0.05
  z_offset: 0.0
